# unix_time, cycles_done, cur_path, paths_total, pending_total, pending_favs, map_size, unique_crashes, unique_hangs, max_depth, execs_per_sec
1614367381, 0, 0, 1, 1, 1, 0.26%, 0, 0, 1, 2666.67
1614367386, 0, 6, 215, 214, 35, 0.51%, 0, 0, 3, 7466.32
1614367392, 0, 17, 230, 227, 36, 0.51%, 0, 0, 3, 8593.65
1614367397, 0, 18, 249, 245, 33, 0.51%, 0, 0, 3, 8842.84
1614367402, 0, 20, 258, 252, 31, 0.51%, 0, 0, 3, 8855.47
1614367407, 0, 46, 260, 248, 25, 0.51%, 0, 0, 3, 8822.36
1614367412, 0, 95, 261, 241, 19, 0.51%, 0, 0, 3, 8807.55
1614367417, 0, 159, 263, 234, 11, 0.51%, 0, 0, 3, 9045.65
1614367422, 0, 167, 271, 240, 10, 0.51%, 0, 0, 3, 9001.38
1614367427, 0, 198, 280, 246, 7, 0.51%, 0, 0, 3, 8918.74
1614367432, 0, 235, 289, 250, 4, 0.51%, 0, 0, 4, 8939.81
1614367437, 0, 289, 301, 258, 3, 0.51%, 0, 0, 5, 8982.94
1614367442, 0, 303, 307, 262, 2, 0.51%, 0, 0, 7, 8981.51
1614367447, 1, 45, 310, 261, 1, 0.51%, 0, 0, 8, 8905.76
1614367452, 1, 137, 311, 257, 0, 0.51%, 0, 0, 8, 8651.51
1614367458, 1, 154, 313, 254, 0, 0.51%, 0, 0, 8, 8574.17
1614367463, 1, 172, 315, 252, 0, 0.51%, 0, 0, 8, 8533.92
1614367468, 1, 184, 315, 248, 0, 0.51%, 0, 0, 8, 8426.46
1614367473, 1, 191, 318, 249, 0, 0.51%, 0, 0, 8, 8349.34
1614367478, 1, 221, 322, 249, 0, 0.51%, 0, 0, 8, 8530.09
1614367483, 1, 240, 322, 245, 0, 0.51%, 0, 0, 8, 8328.28
1614367488, 1, 249, 327, 247, 0, 0.51%, 0, 0, 8, 8298.35
1614367493, 1, 250, 338, 257, 0, 0.51%, 0, 0, 8, 8598.94
1614367498, 1, 256, 339, 255, 0, 0.51%, 0, 0, 8, 8440.10
1614367503, 1, 268, 340, 252, 0, 0.51%, 0, 0, 8, 8676.12
1614367508, 1, 288, 342, 250, 0, 0.51%, 0, 0, 8, 8635.34
1614367513, 1, 298, 344, 249, 0, 0.51%, 0, 0, 8, 8246.87
1614367519, 1, 311, 346, 249, 0, 0.51%, 0, 0, 8, 7947.75
1614367524, 1, 324, 348, 249, 0, 0.51%, 0, 0, 8, 8228.06
1614367529, 1, 327, 349, 249, 0, 0.51%, 0, 0, 8, 8267.37
1614367534, 1, 330, 352, 250, 0, 0.51%, 0, 0, 8, 8484.60
1614367539, 1, 331, 353, 250, 0, 0.51%, 0, 0, 8, 8385.86
1614367544, 1, 332, 359, 255, 0, 0.51%, 0, 0, 8, 8318.39
1614367549, 1, 335, 359, 253, 0, 0.51%, 0, 0, 8, 8228.62
1614367554, 1, 342, 359, 251, 0, 0.51%, 0, 0, 8, 8456.28
1614367559, 1, 347, 363, 254, 0, 0.51%, 0, 0, 8, 8194.39
1614367564, 1, 357, 363, 252, 0, 0.51%, 0, 0, 8, 8427.46
1614367569, 2, 29, 363, 246, 0, 0.51%, 0, 0, 8, 8562.98
1614367575, 2, 63, 363, 240, 0, 0.51%, 0, 0, 8, 8624.61
1614367580, 2, 105, 363, 234, 0, 0.51%, 0, 0, 8, 8661.20
1614367585, 2, 122, 363, 229, 0, 0.51%, 0, 0, 8, 8621.75
1614367590, 2, 171, 363, 224, 0, 0.51%, 0, 0, 8, 8829.91
1614367595, 2, 202, 365, 222, 0, 0.51%, 0, 0, 8, 8501.71
1614367600, 2, 212, 365, 218, 0, 0.51%, 0, 0, 8, 8477.67
1614367605, 2, 230, 365, 215, 0, 0.51%, 0, 0, 8, 8187.44
1614367610, 2, 252, 365, 212, 0, 0.51%, 0, 0, 8, 8135.47
1614367615, 2, 278, 367, 212, 0, 0.51%, 0, 0, 8, 8154.60
1614367620, 2, 301, 370, 212, 0, 0.51%, 0, 0, 8, 8313.47
1614367625, 2, 325, 373, 212, 0, 0.51%, 0, 0, 8, 8557.15
1614367630, 2, 340, 375, 213, 0, 0.51%, 0, 0, 8, 8309.46
1614367635, 2, 355, 376, 212, 0, 0.51%, 0, 0, 8, 8286.53
1614367640, 2, 355, 380, 216, 0, 0.51%, 0, 0, 8, 8215.12
1614367645, 2, 369, 382, 216, 0, 0.51%, 0, 0, 8, 7894.64
1614367650, 2, 369, 384, 218, 0, 0.51%, 0, 0, 8, 8005.81
1614367655, 2, 372, 387, 219, 0, 0.51%, 0, 0, 8, 8459.07
1614367660, 2, 373, 387, 218, 0, 0.51%, 0, 0, 8, 8039.77
1614367665, 2, 375, 388, 218, 0, 0.51%, 0, 0, 8, 7997.61
1614367671, 2, 378, 389, 217, 0, 0.51%, 0, 0, 8, 8031.70
1614367676, 2, 378, 391, 219, 0, 0.51%, 0, 0, 8, 7744.10
1614367681, 2, 388, 391, 217, 0, 0.51%, 0, 0, 8, 7871.76
1614367686, 2, 388, 393, 219, 0, 0.51%, 0, 0, 8, 7763.73
1614367691, 3, 14, 393, 213, 0, 0.51%, 0, 0, 8, 8226.67
1614367696, 3, 58, 393, 208, 0, 0.51%, 0, 0, 8, 8310.37
1614367701, 3, 86, 393, 200, 0, 0.51%, 0, 0, 8, 8471.66
1614367706, 3, 133, 393, 194, 0, 0.51%, 0, 0, 8, 8654.84
1614367711, 3, 177, 393, 188, 0, 0.51%, 0, 0, 8, 8839.60
1614367716, 3, 193, 393, 184, 0, 0.51%, 0, 0, 8, 8565.77
1614367721, 3, 207, 393, 181, 0, 0.51%, 0, 0, 8, 8039.07
1614367726, 3, 232, 393, 177, 0, 0.51%, 0, 0, 8, 8429.72
1614367731, 3, 247, 393, 174, 0, 0.51%, 0, 0, 8, 8071.33
1614367737, 3, 265, 394, 171, 0, 0.51%, 0, 0, 8, 8552.81
1614367742, 3, 277, 394, 169, 0, 0.51%, 0, 0, 8, 8138.12
1614367747, 3, 316, 395, 165, 0, 0.51%, 0, 0, 8, 8475.14
1614367752, 3, 318, 396, 165, 0, 0.51%, 0, 0, 8, 8085.00
1614367757, 3, 322, 396, 164, 0, 0.51%, 0, 0, 8, 7278.41
1614367762, 3, 339, 398, 164, 0, 0.51%, 0, 0, 8, 8032.25
1614367767, 3, 353, 398, 162, 0, 0.51%, 0, 0, 8, 8192.82
1614367772, 3, 363, 399, 161, 0, 0.51%, 0, 0, 8, 8154.12
1614367777, 3, 374, 401, 162, 0, 0.51%, 0, 0, 8, 7667.79
1614367782, 3, 383, 403, 163, 0, 0.51%, 0, 0, 8, 7622.58
1614367788, 3, 385, 405, 164, 0, 0.51%, 0, 0, 8, 7957.13
1614367793, 3, 391, 405, 163, 0, 0.51%, 0, 0, 8, 7987.36
1614367798, 3, 392, 406, 163, 0, 0.51%, 0, 0, 9, 7924.40
1614367803, 4, 37, 406, 159, 0, 0.51%, 0, 0, 9, 8104.95
1614367808, 4, 67, 406, 153, 0, 0.51%, 0, 0, 9, 8428.75
1614367814, 4, 107, 406, 147, 0, 0.51%, 0, 0, 9, 8608.56
1614367819, 4, 157, 406, 143, 0, 0.51%, 0, 0, 9, 8462.81
1614367824, 4, 239, 406, 140, 0, 0.51%, 0, 0, 9, 8423.99
1614367829, 4, 274, 406, 136, 0, 0.51%, 0, 0, 9, 8207.59
1614367834, 4, 321, 409, 137, 0, 0.51%, 0, 0, 9, 8307.32
1614367839, 4, 352, 411, 137, 0, 0.51%, 0, 0, 9, 8208.70
1614367844, 4, 362, 413, 138, 0, 0.51%, 0, 0, 9, 7894.38
1614367849, 4, 367, 414, 138, 0, 0.51%, 0, 0, 9, 7762.17
1614367854, 4, 380, 414, 136, 0, 0.51%, 0, 0, 9, 8161.18
1614367860, 4, 389, 414, 135, 0, 0.51%, 0, 0, 9, 7889.97
1614367865, 4, 389, 416, 137, 0, 0.51%, 0, 0, 9, 7746.98
1614367870, 4, 393, 416, 135, 0, 0.51%, 0, 0, 9, 7795.31
1614367880, 4, 397, 419, 137, 0, 0.51%, 0, 0, 9, 8047.63
1614367885, 4, 418, 423, 139, 0, 0.51%, 0, 0, 9, 8726.50
1614367890, 4, 422, 424, 139, 0, 0.51%, 0, 0, 9, 7920.15
1614367895, 5, 56, 424, 137, 0, 0.51%, 0, 0, 9, 8126.13
1614367900, 5, 144, 424, 131, 0, 0.51%, 0, 0, 9, 8368.57
1614367905, 5, 226, 424, 128, 0, 0.51%, 0, 0, 9, 8293.44
1614367910, 5, 281, 424, 125, 0, 0.51%, 0, 0, 9, 8256.37
